$ANSIBLE_VAULT;1.1;AES256
37366563616639613731656535623863333932316437663335393066306239366433616531616465
3037323264626664666134306433376261626233306565370a333836623363623962356430653664
64633431633835623834326135303664323061626131666135376165336266653566633632333435
6232386666353465360a626262353836636565613339373332306539313435323264623437626435
39313166646565383332386463646630396466613963396239636531636534303838336633363661
66336434373362633963383137373132633061313231373038393730666231313339313965636336
61666263383132653532376333336537303539396566303836663762613462613435613239613339
33313961306665336630646366323661396166313561623031303436326239376131376563633737
37316537616366346461343235346132643937656435313436373935353134343761653266323037
65396338373937333461343734323663303065653661353538333163313137333661333931633431
62343933373661306634646364323363653238326538343263623538333032613261616436336636
63633336323033323066383834653363316334363261653362396565626365323935313434633465
37323732653761313238646234636664313638633664323635613536383431333661623763313563
36373138393132653965666636336266626164393663386636626132656336316536363639643137
32323663333061656637643065373161333539646164363637343365663435323032333733366666
39396432373233626237386439396533326232643763396632383461396362626662363832353836
34316331316431383439633165363962666637323631616365363532626462363730316536303666
64333165336530313532343131646338343237303035366561663535356133323466326661383030
65626236343230373431653562623362636363373464353239376230343663323131613264346432
38343134646263373065383430386639333139383161326266346364653039656337633966643639
34656638636665306461306638663331393531356235643130633035366566636164323139636662
33363631343662623761386433653630363838393338653461353034653666623733636561356261
30326466666465663061323832343862343365313434326533356666356331666164646661386432
36643234316134626666626136363661356534386162613564386231393237363239636665623261
61323962623666356162643435373236323863396261663831363035333736303464653430393065
64346365343133663738303430303937373961353635363532386630363136613364353961333537
33656665323332666437356662333531356262656535316136653031313562643136373961373762
65616230626436363435
